 &HE
 SIGMA0  =   949.200000000000     ,   13690.0000000000     ,
 E0      =   13.6100000000000     ,   1.72000000000000     ,
 YW      =   2.03900000000000     ,  0.000000000000000E+000,
 YA      =   1.46900000000000     ,   32.8800000000000     ,
 P       =   3.18800000000000     ,   2.96300000000000     ,
 Y0      =  0.443400000000000     ,  0.000000000000000E+000,
 Y1      =   2.13600000000000     ,  0.000000000000000E+000
 /
